126291
126252
126254
126734
125812
125805
125810
126293
125811
126036
126130
126774
126862
125815
126863
125816
126129
126031
125809
125808
126299
126822
126128
126340
126876
125928
126327
126352
126740
126882
125824
126289
126301
126042
125800
126815
125772
126044
126824
126828
125773
125742
125737
126776
126050
126829
126780
126009
126201
125797
125767
126883
126047
126043
126873
125751
126200
125757
125820
125774
125731
125818
125785
126329
126874
126875
126741
126334
126040
126884
125819
126813
126319
126885
126304
126300
126324
125788
126290
126295
126037
125801
126038
126049
125790
125794
126041
126203
126198
125725
126051
125734
125817
125822
126294
126045
126039
125823
125723
125821
126735
125943
126357
125807
126033
126147
125813
126034
126035
126253
126872
125736
126320
125743
126298
125729
126331
125728
125750
126336
125745
126358
125806
126823
125945
126736
125724
126318
126023
126032
125749
125789
125929
125931
126133
126142
126008
126131
125786
126140
125738
126337
125759
126016
126317
126139
126305
125930
126323
126143
126335
125944
125938
125940
125935
125927
125941
125755
126311
126297
125934
126737
125804
126775
125746
126145
125740
126138
126137
126141
125932
126136
126146
125933
126341
125939
126144
126738
126135
126134
126132
125937
125942
125936
126199
126288
126316
126202
125760
125748
125747
126325
126333
125762
126015
125783
125793
126027
126010
126026
125771
125766
126350
126017
126346
125722
125768
126326
125776
126007
125763
126296
125769
125791
126307
125777
126345
126877
125761
125758
126312
125730
126878
126303
126314
126322
126292
126880
125726
125803
126197
126030
125778
125732
126302
126339
126355
125782
125796
125741
125784
126349
125775
126347
126330
126309
126356
125744
126343
126313
126351
126881
142653
142654
142655
142656
142657
142658
142659
142660
142661
142662
142663
142664
142665
142666
142667
142668
142669
142670
142671
142672
142673
142674
142675
142676
142677
142678
142679
142680
142681
142682
142683
142684
142685
142686
142687
142688
142689
142690
142691
142692
142693
142694
142695
142696
142697
142698
142699
142700
142701
142702
142703
142704
142705
142706
142707
142708
142709
142710
142711
142712
142713
142714
142715
142716
142717
142718
142719
142720
142721
142722
142723
142724
142725
142726
142727
142728
142729
142730
142731
142732
142733
142734
142735
142736
142737
142738
142739
142740
142741
142742
142743
142744
142745
142746
142747
142748
142749
186117
186118
186119
186120
186121
186122
186123
186124
186125
186126
186127
186128
186129
186130
186131
186132
186133
186134
186135
186136
186137
186138
186139
186140
186141
186142
186143
186144
186145
186146
186147
186148
186149
186150
186151
186152
186153
186154
186155
141429
165465
141430
141431
141432
141433
141434
141435
141436
141437
141438
141439
141440
110154
141441
141442
141443
141444
141445
141446
141447
141448
141449
141450
141451
141452
141453
141454
141455
141456
141457
141458
141459
141460
110355
141461
141462
141463
141464
141465
141466
141467
141468
141469
141470
141471
141472
141473
141474
141475
141476
141477
141478
141479
141480
141481
141482
141483
141484
141485
141486
141487
141488
141489
141490
141491
141492
141493
141494
141495
141496
141497
141498
141499
141500
141501
141502
141503
141504
141505
141506
141507
141508
141509
141510
141511
141512
141513
141514
141515
111244
141516
141517
141518
141519
141520
141521
141522
141523
141524
141525
141526
141527
141528
141529
141530
141547
141548
141549
141555
118018
118019
118020
118021
118022
118023
118024
118025
118026
118027
118028
118029
118030
118031
118032
118033
118034
118035
118036
118037
118038
118039
118040
118041
118042
118043
118044
118045
118046
118047
118048
118049
118050
118051
118052
118053
118054
118055
118056
118057
118058
118059
118060
118061
118062
118063
118064
118065
118066
118067
118068
118069
118070
118071
118072
118073
118074
118075
118076
118077
118078
118079
118080
118081
118082
118083
118084
118085
118086
118087
118088
118089
118090
118091
118092
118093
118094
118095
118096
118097
118098
118099
118100
118101
118102
118103
118104
118105
118106
118107
118108
118109
118110
118111
118112
118113
118114
118115
118116
118117
118118
118119
118120
118121
118122
118123
118124
118125
118126
118127
118128
118129
118130
118131
118132
118133
118134
118135
118136
118137
118138
118139
118140
118141
118142
118143
118144
118145
118146
118147
118148
118149
118150
118151
118152
118153
118154
118155
118156
118157
118158
118159
118930
118931
118932
118933
118934
118935
118936
118937
118938
118939
118940
118941
118942
118944
118945
118946
118947
118948
118949
118950
118951
118952
118953
118954
118955
118956
118957
118958
118959
118960
118961
118962
118963
118964
118965
118967
118966
118968
118969
118970
118971
118778
118779
118780
118781
118782
118783
118784
118785
118786
118787
118788
118789
118790
118791
118792
118793
118794
111207
118795
118796
118797
118798
118799
118425
118426
118427
118428
118429
118430
118431
118432
118433
118434
118435
118436
118437
118438
118439
118440
118441
118442
118443
118444
118445
118446
118447
118448
118449
118450
118451
118452
118453
118454
118455
118456
118457
118458
118459
118460
118461
118462
118463
118464
118465
118466
118467
118468
118469
118470
118471
118472
118473
118474
118475
118476
118477
118478
118479
118480
118481
118482
118483
118484
140493
140494
140497
140501
140565
140502
140511
140507
140504
140505
140506
140512
140503
140513
140514
140515
140516
140517
140564
140520
140521
140519
140518
140566
140522
140528
140527
140523
140524
140529
140525
140526
140559
140530
140558
140531
140536
140541
140537
140540
140535
140534
140539
140568
140538
140567
140533
140545
140544
140548
140551
140552
140543
140546
140547
140553
140561
140554
140562
140555
140556
140549
140557
140560
140550
140490
140532
140542
140491
140492
140495
140500
140499
140509
140510
140508
140563
140498
140496
143111
143587
143588
143589
143590
143592
143593
143594
143595
143596
143597
143598
143599
143600
143601
143604
143605
143606
143607
143608
143609
143610
143611
143612
143613
143614
143114
143115
142883
142884
142873
142885
142886
142887
142888
142890
142889
142855
142858
142863
142872
142891
142905
142894
142895
142896
142893
142892
142971
142906
142898
142899
142907
142900
142908
142972
142909
142910
142901
142902
142903
142924
142919
142920
142911
142912
142913
142914
142915
142921
142916
142917
142922
142918
142973
142925
142947
142974
142926
142927
142928
142955
142943
142929
142948
142930
142949
142950
142931
142940
142932
142939
142957
142962
142941
142923
142933
142958
142934
142954
142942
142956
142935
142936
142937
142938
142970
142975
142944
142945
142976
142963
142964
142968
142989
142960
142946
142959
142961
142965
142969
142966
143036
142953
142951
142967
142952
142977
142978
142979
142980
142991
142981
142992
142982
143053
142983
142984
142993
142994
142998
143000
142999
143007
143009
143010
142985
142997
143003
143008
143004
142986
142987
143006
142990
143011
143002
142988
143005
142995
143001
142996
143012
143017
143018
143013
143019
143020
143021
143022
143023
143014
143068
143069
143024
143015
143025
143016
143049
143051
142856
142857
142860
142861
142862
142859
142867
142869
142866
142868
142864
142871
142865
142904
142881
142874
142878
142880
142879
142882
142875
142876
142877
185984
185985
185986
185987
185988
185989
185990
185991
186001
186002
186003
143591
186004
186005
186006
143602
186007
186008
186028
186009
186010
186011
186012
186013
186014
186015
186016
186017
186018
186019
186020
186021
186022
186023
186027
143603
143125
143121
143122
143123
143124
143126
143116
143113
143117
143118
143119
118234
118235
118236
118237
118238
118239
118240
118241
118242
118243
118244
118245
118246
118247
118248
118249
118250
118251
118252
118253
118254
118255
118256
118257
118258
118259
118260
118261
118262
141608
141609
141610
141611
141612
141613
141614
141615
141616
141617
141618
141619
141620
141621
141622
141623
141624
141625
141626
141627
141628
141629
141630
141631
141632
141633
141634
141635
141636
141637
141638
141639
141640
141641
141642
141643
141644
141645
141646
141647
141648
141649
141650
141651
141652
141653
141654
141655
141656
141657
141658
141659
141660
141661
141662
141663
141664
141665
141666
141667
141668
141669
141670
141671
141672
141673
141674
141675
141676
141677
141678
141679
141680
141681
141682
141683
141684
141685
141686
141687
141688
141689
141690
141691
141692
141693
141694
141695
141696
141697
141698
141699
141700
141701
141702
141703
141704
141705
141706
141707
141708
141709
141710
141711
141712
141713
141714
141715
186082
141716
141717
141718
141719
141720
141721
141722
186083
141723
141724
141725
186084
141726
141727
141728
186085
141729
141730
141731
141732
141733
141734
141735
141736
141737
141738
141739
141740
141741
141742
141743
141744
141745
141746
141747
141748
141749
141750
141751
141752
141753
141754
141755
141756
141757
141758
141759
141760
141761
141762
141763
186086
141764
141765
141766
141767
141768
141769
141770
141771
141772
141773
141774
186087
141775
141776
141777
141778
141779
141780
141781
141782
141783
141784
141785
141786
141787
141788
141789
141790
141791
141792
141793
141794
141795
141796
141797
141798
141799
141800
141801
141802
141803
141804
141805
141806
141807
141808
141809
141810
141811
141812
141813
141814
141815
141816
141817
141818
141819
141820
141821
141822
141823
141824
141825
141826
141827
141828
141829
141830
193135
141831
141832
141833
141834
141835
141836
141837
141838
141839
141840
141841
186088
141842
141843
141844
143703
143723
144198
144206
143696
143693
143701
144183
143812
144237
193418
143707
143772
143728
143749
144234
193419
143770
143852
143863
143907
193420
143924
143851
143785
143865
143897
143649
143829
143921
143925
143818
143813
143750
143935
143855
143744
143926
143841
143737
143870
143768
144236
143862
143819
143903
143876
143788
143854
143871
143931
143896
143833
143792
143919
143857
143908
143934
143751
143837
144235
143929
143861
143906
143901
143923
144241
144303
144289
144300
144312
200060
143729
200064
200075
200049
200030
200028
200078
143709
200065
143755
143893
143905
143715
200066
193430
200050
143710
143904
200035
200036
200067
143895
143717
200037
143718
200052
200044
200076
143932
193424
143713
200048
143928
143909
200068
200031
143736
200023
143721
143902
200061
143714
200071
200051
143648
143731
144302
200046
143899
200073
143898
144215
143892
200069
143930
200032
143900
143647
143961
143964
143959
143938
143948
143936
143962
143949
143939
143945
143941
143947
143954
143963
143957
143944
144291
144292
144287
144293
144305
144299
144307
144313
144239
144301
143811
143942
143937
143955
143956
143958
143960
143950
143953
143952
143943
143951
143946
143940
225952
144266
144284
193425
200074
200045
144275
143752
200022
144288
200016
193247
200017
144251
200018
143793
144298
143754
143804
144249
200041
124527
200021
200039
200026
144238
124526
200043
144267
193426
200027
200079
200025
144294
144290
200029
200077
144230
144250
200042
200019
200038
200015
144309
200033
200020
200040
200080
200034
200024
200072
143702
143716
144308
144297
193427
144304
144311
144286
143823
143913
143824
143912
143880
144283
143886
143888
143822
144024
144264
144254
143916
143821
143825
143911
143915
144244
144009
144273
143655
143659
144268
144276
144246
143887
144252
144277
144281
143641
144259
143660
144272
144247
143644
143914
143661
143645
143657
143885
144279
143918
143643
143651
143652
143654
143653
143666
143889
143650
143879
143910
143662
144270
143827
143658
143664
144255
143828
143881
143665
144258
143820
143826
143663
143642
144257
193428
143917
143884
144278
144274
144243
143890
143882
143891
144271
144245
143883
144253
144256
144282
143698
144285
143998
144265
143656
144248
144242
143712
144221
144280
144306
144336
144328
144039
143969
143970
143983
144010
144007
144331
144344
144011
143971
143967
144038
144021
143994
143995
144035
144026
144013
144327
143979
143982
143984
143978
144005
144318
144320
144036
144341
144030
144335
143990
144323
144321
144033
143980
144325
144326
144034
143981
144019
144348
144001
144340
144015
143989
143975
144319
143972
144000
143997
144003
144025
143999
144334
144322
144006
144324
144014
144042
144346
143986
143974
144347
144316
143973
144315
144041
144329
144027
144330
143996
143977
144339
144314
144333
144012
144029
144043
144332
144343
144017
144037
144032
143968
144016
144040
143966
144008
143988
144338
143993
144342
144337
144345
144022
144020
144004
144317
144028
143992
143991
144002
143985
144031
143965
144023
143720
143705
185721
143711
143692
143690
143699
144233
144190
144192
143806
144210
144178
143740
143867
143830
143722
143836
143842
143850
143745
143845
143838
143816
144204
143762
143741
143748
143739
143849
143760
143810
143798
144218
143738
144220
143778
143777
144217
144202
143766
143779
144212
120980
143726
144200
144219
143765
143775
143764
143807
144211
144207
144191
144213
143694
143697
143706
143733
143843
143724
143691
143725
143840
143727
143708
143730
143734
143872
144232
143877
143791
143856
143742
199995
144231
144228
143846
143873
143746
144229
144193
143817
143835
193414
143933
143747
143844
193415
143874
193416
143802
143776
143832
143743
143805
144225
143868
120554
144224
143781
143831
143847
143763
143797
143815
143814
143859
143853
143878
143834
143761
143866
144296
144295
144310
144240
193429
120827
143796
144223
144201
143787
144179
144189
144195
144205
143756
143894
143922
143927
144018
144208
143719
143695
143700
144197
144209
144194
144226
193413
144186
144216
120586
143774
144182
144188
120977
143795
143860
121508
144180
143839
143920
143864
144196
144227
144199
143809
143769
143759
143771
144185
143848
144214
144203
143808
143767
143732
143773
144181
143801
143704
144222
143670
144261
143676
144262
144260
143682
143688
143669
143675
143683
143803
144263
143794
200063
200090
200092
143671
193417
200091
200084
143689
200054
143687
143782
143799
200058
200081
200086
143753
200057
200087
200094
200095
143780
200062
143685
200047
143800
193246
143673
200055
143678
200059
193421
200083
143667
144269
193423
200070
143672
143681
143674
143668
143677
200088
143680
200093
200056
200053
143686
143684
200089
193422
327906
200085
143758
200096
143784
200082
143679
143790
143858
143869
143789
143786
143757
143783
143646
119876
119877
119878
119879
119880
119881
119882
119883
185728
185729
119884
185730
185731
185732
185733
185734
185735
185736
185737
185738
185739
185740
185741
119885
119886
119887
119888
119889
119890
119891
119892
119893
119894
143127
143128
143129
143130
143131
143132
143133
143134
143135
143136
143137
143138
143139
143140
143141
143142
143143
143144
143145
143146
143147
143148
143149
143150
143151
143152
143153
143154
143155
143156
143157
143158
143159
143160
143161
143162
143163
143164
143165
143166
143167
143168
143169
143170
143171
143172
143173
143174
143175
143176
143177
143178
143179
143180
143181
143182
143183
143184
143185
143186
143187
143188
143189
143190
143191
143192
143193
143194
143195
143196
143197
143198
143199
143200
143201
143202
143203
143569
143204
143205
143206
143207
143208
143209
143210
143211
143212
143213
143214
143215
143216
143217
143218
143219
143220
143221
143222
143223
143224
143225
143226
143227
143228
143229
143230
143231
143232
143233
143234
143235
143236
143237
143238
143239
143240
143241
143242
143243
143244
143245
143246
143247
143248
143249
143250
143251
143252
143253
143254
143255
143256
143257
143258
143259
143260
143261
143262
143263
143264
143265
143266
143267
143268
143269
143270
143271
143272
143273
143274
143275
143276
143277
143278
143279
143280
143281
143282
143283
143284
143285
143286
143287
143288
143289
143290
143291
143292
143293
143294
143295
143296
143297
143298
143299
143300
143301
143302
143303
143304
143305
143306
143308
143309
143310
143311
143312
143313
143314
143315
143316
143317
143318
143319
143321
143322
143323
143324
143325
143326
143327
143328
143329
143330
143331
143332
143333
143334
143336
143337
143338
143339
143340
143320
143342
143343
143344
143345
143347
143349
143350
143351
143341
143346
143348
142397
142342
142427
142389
142450
142346
142431
142386
142447
142416
142451
142439
142425
142428
142408
142449
142379
142435
142434
142390
142441
142368
142433
142365
142394
142448
142376
142373
142382
142375
142378
142384
142348
142371
142412
142413
142429
142415
142421
142354
142366
142405
142443
142419
142446
142444
142349
142411
142351
142430
142406
142350
142362
142364
142420
142345
142356
142392
142395
142438
142393
142387
142404
142440
142367
142369
142436
142407
142361
142358
142437
142380
142374
142442
142355
142343
142360
142385
142418
142388
142410
142422
142372
142423
142462
142471
142475
142402
142478
142424
142432
142464
142474
142479
142480
142344
142352
142353
142370
142357
142363
142409
142426
142377
142470
142452
142463
142391
142399
142403
142467
142477
142469
142396
142476
142468
142473
142398
142466
142383
142472
142401
142414
142400
142457
142465
142347
142455
142359
142453
142381
142456
142458
142461
142454
142460
142417
142445
141556
141557
141558
141559
141560
141561
141562
141563
141564
141565
141566
141567
141568
141569
141570
141571
141572
141573
141574
141575
141576
141577
141578
141579
141580
141581
141582
141583
141584
141585
141586
141587
141588
141589
141590
141591
141592
141593
141594
141595
141596
141597
141598
141599
141600
141601
141602
141603
141604
141605
141606
141607
118767
118768
118769
118770
118771
118772
118773
118774
118775
118776
118777
142829
109984
120751
142817
142822
142833
142804
142824
199518
142836
120733
142818
120744
142840
142854
142845
142846
142851
142816
142827
142841
142825
142823
142848
142842
142828
142847
142853
142832
120018
142852
142811
142850
120015
142844
120019
142821
142831
142835
142814
142807
142830
142809
142810
142802
142808
142826
142805
142838
142803
142819
142813
142815
142806
142839
142820
142834
142843
142812
142791
142849
142837
142800
142777
142788
199504
142801
142781
142779
142785
142789
142797
142786
142784
142780
142790
142798
142783
142799
142793
142794
199519
142795
142792
142782
142787
142796
142778
199510
199511
199507
199505
199514
199509
199513
199506
199515
199508
199512
199502
199503
199516
142758
142756
142751
142757
142755
142750
142754
142752
142753
142773
142776
142763
142769
142772
142767
142775
142759
142766
142765
142761
142771
142774
142762
142764
142760
142770
142768
199472
199475
199473
119953
119954
119955
185727
119956
119895
119896
119897
119898
119899
119900
119901
119902
119903
119904
119905
119906
119907
119908
119909
119910
119911
119912
119913
119914
119915
119916
119917
119918
119919
119920
119921
119922
119923
119924
119925
119926
119927
119928
119929
119930
119931
119932
119933
119934
119935
119936
119937
119938
119939
119940
119941
119942
119943
129843
128486
119944
119945
119946
119947
131517
131515
131512
131518
131514
131516
131511
131507
131509
119948
119949
119950
119951
133897
133898
119952
118263
186041
118291
118288
118289
118290
118292
118266
118293
118265
118264
118271
118270
118268
118269
118267
118272
118273
118274
118275
118276
118278
118277
118281
118283
118282
118279
118280
118284
118285
118286
118287
140368
140369
140370
140371
140372
140373
140374
140375
140376
140377
140378
140379
140380
140381
140382
140383
140384
140385
140386
140388
140389
140390
140391
140392
142536
142494
142495
142496
142497
142498
142499
142500
143575
143572
142501
142502
143574
142503
142504
142505
142506
143577
142507
142508
142509
142510
142511
142512
142513
142514
142515
142516
142517
142518
142519
142520
142521
142522
142523
142524
142525
142526
142527
142528
142529
142530
142531
143573
142532
728
142533
143576
143639
142534
142535
142539
142537
142538
186104
186112
144404
144396
186113
186114
144411
144393
144403
144400
186105
144410
144412
186106
144392
186109
186107
186108
186101
144399
186102
144395
144407
186110
186103
144408
186094
186095
186096
186097
186098
186093
186100
186111
144389
186099
140586
140584
140585
140587
140591
140590
140588
140593
140594
140595
140598
140606
140602
140600
140599
140614
140597
140611
140596
140612
140604
143568
140603
140613
140605
140601
140626
140631
140632
140616
140622
140623
140629
140620
140633
140625
140624
140621
140617
140627
140618
140628
140630
140619
140570
140573
140575
140576
140579
140583
140577
140581
140582
140580
140592
140634
140635
140608
140609
140610
140569
140571
140572
140574
140578
140589
140615
140607
140636
118802
118884
118874
118896
185982
118829
118838
118899
185969
118860
185981
118855
118872
118919
185973
118853
118897
118816
185974
118810
118898
118820
118850
118806
118921
118885
118808
118926
118827
118801
118912
185976
118895
118927
118826
118918
118840
118856
118913
118886
118892
118914
185972
185971
118915
118807
118834
118880
118893
118825
118916
118824
185979
118862
118869
118882
118894
118830
118845
118803
118823
118854
118923
118851
118879
118848
118900
118817
118858
118917
118835
118870
118861
118922
118864
118924
118883
185978
118901
118902
118846
118903
118887
118904
118859
118871
118841
118905
118881
118837
118906
118888
118907
118836
185977
118812
118865
185980
118908
118849
118920
118909
118911
118805
185983
118910
118818
118828
118819
118811
118822
118866
118821
118809
118873
118925
118833
118876
118868
118877
118847
118875
118863
118878
185970
185975
118891
118804
118928
118857
118842
118839
118844
118867
118890
118889
118852
118843
118813
118814
118815
118800
118831
118832
118929
140346
140302
140347
140348
140353
140305
140363
140355
140344
140281
140345
140295
140357
140292
140304
140343
140276
140297
140300
140282
140361
140365
140278
140336
140358
140341
140293
140283
140337
140280
140339
140277
140356
140298
140301
140359
140296
140340
140303
140287
140288
140367
140294
140351
140279
140350
140362
140354
140360
140342
140352
140338
140290
140286
140285
140291
140284
140312
140309
140320
140319
140330
140322
140307
140326
140334
140333
140329
140335
140313
140325
140327
140331
140310
140332
140321
140308
140324
140328
140316
140317
140323
140306
140314
140311
140315
140318
140289
140349
140299
140364
140366
185804
185811
185810
185813
185814
185818
185819
185820
185821
185900
185901
185961
185902
185963
185903
185904
118736
185954
185953
118653
118654
118656
118655
185800
185798
118664
185799
118665
118657
118658
118659
185797
118663
118662
118661
118660
118667
118666
185801
118668
118669
118671
118673
185802
118670
118672
118685
118674
118721
185803
118719
118720
118692
118706
118694
118687
185805
118695
118696
118697
118748
118698
118699
118700
185806
185807
118677
118705
118681
118675
118676
118701
118702
118755
118684
118688
118689
118678
118763
118682
118683
118690
118693
118691
118722
118679
118680
118707
118686
118708
118709
118703
185808
118704
118712
118711
118710
118754
118723
118735
118737
118724
118713
118725
118749
118726
118714
118750
118727
185809
118715
118738
185812
118728
118729
118756
118751
118760
118716
118757
118730
118758
118731
118732
118764
118761
118717
118718
118733
118734
118752
118753
185817
118759
118739
118740
118741
185815
118742
118743
118744
185816
118745
118746
118747
185874
185822
185823
185872
185824
185825
185826
185873
185827
185828
185829
185830
185881
185831
185832
185833
185834
185894
185835
185836
185896
185837
185838
185839
185840
185841
185842
185843
185844
185845
185846
185892
185847
185886
185848
185849
185887
185882
185850
185851
185852
185888
185853
185854
185855
185856
185857
185858
185859
185889
185883
185860
185861
185862
185863
185895
185864
185865
185866
185867
185868
185884
185899
185869
185870
185871
185957
185905
185958
185907
185906
185914
185908
185909
185916
185917
185910
185962
185918
185919
185911
185921
185913
185956
185922
185920
185929
185930
185924
185927
185923
185926
185928
185925
185964
185937
185931
185932
185933
185934
185935
185936
185955
185938
185948
185959
185949
185946
185947
185945
185944
185950
185943
185952
185951
185967
185941
185942
185940
185939
185897
185898
185880
185890
185891
185876
185877
185878
185885
185879
185893
118762
185912
185915
185960
185966
185965
185875
185968
141956
141965
141961
142144
141962
142073
141964
141959
141955
142234
141960
141966
141958
141957
142317
141967
142172
142263
142162
142057
142120
142150
142089
142153
142071
142180
142211
142157
142170
142112
142219
142140
142128
142198
142161
142134
142126
142118
142185
142092
142116
142192
142106
142186
142199
142086
142184
141969
142181
142183
142090
142145
142177
142056
142208
142051
142136
142139
142222
142223
141985
142127
141974
142111
142094
142093
142067
142095
142052
142121
142212
142060
142069
142256
142169
142137
142191
142110
142143
142194
142066
142151
142058
142133
142168
142097
142225
142203
142204
142213
142117
142113
142197
142206
142216
142125
142091
142190
142122
142141
142084
142109
142130
142100
142104
142099
142214
142098
142064
141971
141972
142189
142107
142220
142228
142054
142224
142218
142149
142135
142179
142083
142148
142182
142201
142193
142209
142188
142146
142205
142195
142200
142114
142132
142088
142221
142115
142102
142063
142103
142152
142105
142061
142044
142129
142207
142210
142300
142217
142119
142187
142142
142147
142196
142087
142053
142178
142070
142124
142055
142274
142138
142254
142123
142215
142096
142290
141981
142006
142303
142235
142232
142264
142299
142266
142269
142004
142315
142296
142226
142283
142021
142035
142248
142250
142253
142271
142309
142275
142244
142258
142233
142259
142262
142036
142227
142252
141977
142288
142255
142010
142260
142242
142243
142237
142277
141991
142241
141983
142245
142002
141984
142028
141998
142272
141989
141979
142230
142009
142032
142294
141995
142236
141992
142027
142251
142025
142046
142279
141970
141973
141968
141963
142072
142291
142257
142311
141986
142040
141988
141980
141990
141996
142313
142304
142306
142278
142312
142012
142042
142043
142008
142246
141997
142281
142305
142310
142280
142014
142285
142038
142015
142041
142018
142261
142231
141993
142247
142240
142273
142003
142017
142229
142268
141994
142037
142267
142314
142286
142270
142030
142013
142298
142023
142239
142265
142031
141982
142301
141987
142293
142022
142322
142001
142026
142238
142282
142029
142005
142019
142011
142295
142297
142292
142302
142033
142034
142284
142000
142007
142047
142287
142048
142289
142316
142024
142308
141999
142016
142039
142276
142020
142062
142065
142085
142101
142131
142307
142059
142202
142249
142318
142082
142079
142074
142050
142319
141975
141976
141978
142320
142049
142076
142078
142077
142068
142081
142321
142080
142075
142174
142173
142175
142165
142108
142163
142164
142176
142171
142166
142167
142156
142160
142159
142154
142158
142155
118306
118307
118308
118309
118311
118312
118313
118314
118315
118316
118317
118318
118319
118320
118321
118322
118323
118324
118325
118326
118327
118328
118329
118330
118331
118332
118333
118334
118335
118336
118337
118338
118339
118340
118341
118342
118343
118344
118345
118346
118347
118348
118349
118350
118351
118352
118353
118354
118355
118356
118357
118358
118359
118360
118361
118362
118363
118364
118365
118366
118367
118368
118369
118370
118371
118372
118373
118374
118375
118376
118377
118378
118379
118380
118381
118382
118383
118384
118385
118386
118387
118388
118389
118390
118391
118392
118393
118394
118395
118396
118397
118398
118399
118400
118401
118402
118403
118404
118405
118406
118407
118408
118409
118410
118411
118412
118413
118414
118415
118416
118417
118418
118419
118420
118421
118422
118423
118424
118160
118161
118162
118163
118164
118165
118166
118167
118168
118169
118170
118171
118172
118173
118174
118175
118176
118177
118178
118179
118180
118181
118182
118183
118184
118185
118186
118187
118188
118189
118190
118191
118192
118193
118194
118195
118196
118197
118198
118199
118200
118201
118202
118203
118204
118205
118206
118207
118208
118209
118210
118211
118212
118213
118214
118215
118216
118217
118218
118219
118220
118221
118222
118223
118224
118225
118226
118227
118228
118229
118230
118231
118232
118233
140393
140394
140395
140396
140397
140398
140399
140400
140401
140402
140403
140404
140405
140406
140407
140408
140409
140410
140411
140412
140413
140414
140415
140416
140417
140418
140419
140420
140421
140422
140423
140424
140425
140426
140427
140428
140429
140430
140431
140432
140433
140434
140435
140436
140437
140438
140439
140440
140441
140442
140443
140444
140445
140446
140447
140448
140449
140450
140451
140452
140453
140454
140455
140456
140457
140458
140459
140460
140461
140462
140463
140464
140465
140466
140467
140468
140469
140470
140471
140472
140473
140474
140475
140476
140477
140478
140479
140480
140481
140482
140483
140484
140485
140486
140487
140488
140489
140743
140754
140744
140749
140745
140722
140752
140746
140747
140755
140720
140753
140719
140751
140653
140726
140725
140748
140721
140750
140724
140723
165195
140809
140880
140922
140918
140911
140881
140906
140882
140907
140916
140920
140883
140884
140912
140915
140885
140908
140909
140886
140887
140888
140914
140917
140921
140919
140910
140905
140654
140687
186040
140665
140686
140696
140657
140677
140697
140699
140688
140698
165279
140701
140652
199286
140685
140656
140703
140658
140690
140679
140692
140645
140676
140708
140646
140651
140649
140672
140648
140664
140661
140680
140655
140659
140663
140662
140693
140903
140823
140824
140825
140902
140827
140862
140844
140863
140957
140953
140878
140822
140856
140838
140855
140864
140851
140828
140896
140889
140875
110628
140867
140868
140877
140894
140897
140900
140639
140808
140670
140660
140673
140647
141011
141010
140904
140817
140833
141008
140952
140845
140901
140891
140835
140839
140859
140818
140857
140846
140847
140879
140836
140848
140849
141009
140956
140850
140815
140869
140874
140852
140840
140843
123923
140861
140819
140954
140830
140898
140831
140832
140820
140837
123922
140640
109829
140668
140644
140826
110313
124586
140924
140950
140913
140841
140853
140895
140890
110629
140816
140821
140899
140927
140638
140947
140944
140893
140892
140941
140946
140943
140932
140940
140949
140935
140929
140923
140938
140926
140930
140942
140937
140925
140931
140934
140936
140945
140642
140641
140643
140963
140985
141006
141002
141004
141001
140981
140983
140984
140969
140966
140964
140974
140976
140972
140967
140977
140975
140971
140959
140973
140961
140958
140960
140968
140965
140962
140970
141007
140998
141005
140979
140933
140986
140995
140989
140992
141003
140980
140987
140988
140982
140999
140997
140996
140993
141000
140978
140994
140991
140990
140637
140702
140700
140704
140739
140714
140709
140715
140733
140729
140727
140736
140710
140731
140732
140712
140711
166960
140713
140707
140738
140728
140717
140737
140740
140716
140718
140730
140734
140800
140789
140785
140791
140799
140803
140790
140784
140792
140804
140802
140805
140787
140798
140801
140793
140786
140807
140797
140795
140788
140806
140794
140796
140812
140813
141012
140706
140705
140955
140873
140948
140866
140834
140858
140951
140814
140854
140872
140842
140829
140876
140870
140865
140860
140871
140667
140689
140666
140678
140694
166332
166330
140695
140669
140671
165800
140683
140682
140684
140675
140650
163667
140674
140691
165944
140681
140742
140741
140781
140782
140783
140767
140764
140765
140758
140763
140757
140771
174200
140775
140766
140778
140735
140780
140772
140777
140769
140760
140774
140770
140779
140776
140761
140756
140768
140759
140762
140773
140811
140810
140928
140939
125307
125308
125309
125311
125312
125316
125322
125325
125313
125318
125328
125330
125329
125321
125320
125324
125323
125327
125306
125319
125310
125315
125314
125326
125317
125344
125345
125346
125348
125349
125352
125347
125332
125340
125335
125334
125339
125341
125337
125333
125336
125343
125342
125331
125338
125350
125351
125353
125354
125355
125356
125357
125358
125359
125360
125361
125362
125363
125364
125365
125366
125367
125368
125369
125370
125371
125372
125373
125374
125375
125376
125377
125378
125379
125380
125381
125382
125383
125384
125385
125386
125387
125388
125389
125390
125391
125392
115369
116154
116628
125393
125395
143570
143571
141013
141041
141042
141015
141034
141038
141033
141036
141037
141035
141050
141022
141051
141057
141046
141059
141058
141060
141048
141056
141049
141047
141040
141016
141031
141027
141028
141024
141026
141023
141044
141043
141029
141017
141045
141014
141030
141032
141020
109839
141039
141019
141025
141021
141018
120444
141075
141074
141076
141054
141055
141061
141053
141052
111517
141064
141063
141069
141068
141070
141065
141072
141066
141073
141062
141071
141067
141078
141084
141087
141086
141081
141079
141083
141080
141082
141077
141085
118294
118295
118296
118297
118298
186043
118299
118300
186044
186045
118301
118302
118303
186046
186047
186048
186049
186050
186051
186052
186053
186054
118304
186055
186056
186057
118305
186058
186059
186060
186061
186062
186063
186064
186065
186066
186067
186068
186069
186070
186071
186072
186073
186074
186075
186076
186077
186078
186079
186080
186081
140387
141931
141941
141943
141928
141942
141889
141916
141914
141910
141952
141845
141950
141945
141874
141860
141951
141953
141948
141885
141857
141949
141888
141884
141924
141865
141858
141946
141851
141862
141895
141849
141853
141863
141854
141894
141866
141867
141852
141846
141847
141905
141911
141886
141915
141903
141879
141954
141880
141912
141861
141909
141887
141869
141890
141908
141919
141878
141873
141906
141882
141875
141917
141897
141891
141881
141870
141907
141868
141904
141901
141898
141877
141900
141920
141947
141892
141871
141925
141922
141883
141896
141850
141864
141923
141876
141921
141933
141944
141936
141929
141930
141932
141935
141926
141934
141899
141918
141848
141855
141856
141859
141872
141893
141902
141913
110006
121927
121076
121084
124524
124523
118972
118973
118974
118975
118976
118977
118978
129984
118979
118980
118981
118982
118983
118984
118985
118986
118987
118988
118989
118990
118991
118992
118993
118994
118995
118996
118997
118998
118999
119000
119001
119002
119003
119004
119005
119006
119007
119008
119009
119010
119011
119012
119013
119014
119015
119016
119017
119018
119019
119020
119021
119022
119023
119024
119025
119026
119027
119028
119029
119030
119031
119032
119033
102788
102800
102778
102793
102824
102815
102810
102832
102819
102806
102814
102786
102825
102828
102835
102820
102813
102808
102801
102791
193855
102794
102826
102803
102889
102871
102843
102915
102920
102879
102923
102838
102842
102844
102840
102845
102893
102878
102904
102883
102877
102922
102855
102850
102908
102875
102865
102905
102868
102856
102846
102911
102909
102898
102912
102907
102887
102919
102880
102862
102869
102866
102873
102913
102853
102857
102854
102872
102867
102910
102849
102892
102896
102839
102848
193453
193454
193455
193456
193457
193458
193459
193460
193461
193462
193463
193464
193465
193466
193467
193468
193469
193470
193471
193472
193473
193474
193475
193476
193477
193478
193479
193480
193481
193482
193483
193484
193485
193486
193487
118766
193488
193489
193490
193491
193492
193493
193494
193495
193496
193497
193498
193499
193500
193501
193502
193503
193504
193505
193506
193507
193509
193510
193511
193512
193513
193514
193515
193516
193517
193518
193519
193520
193521
193522
193523
193524
193525
193526
193527
193528
193529
193531
193532
193533
193534
193535
193536
193537
193538
193539
193540
193541
193795
193815
193785
193802
193812
193807
193796
193799
193783
193800
193775
193782
193791
193817
193787
193819
193790
193810
193816
193634
193797
193788
193786
193820
193778
193809
193813
193781
193814
193793
193779
193789
193801
193635
193777
193808
193805
193780
193792
193803
193784
193804
193811
193776
193818
193798
193825
193636
193637
193639
193641
193643
193644
193645
193648
193649
193651
193652
193653
193655
193658
193661
193663
193664
193666
193667
193668
193669
193670
82272
82274
82276
82277
82279
82282
82283
82285
82288
82289
82292
82298
82303
82311
82314
82317
82321
82324
82330
82332
82336
82341
82345
82349
82355
82359
82364
102715
102694
102742
102731
102722
102726
102721
102693
102733
102740
102685
102751
102728
102714
102723
193678
102744
102717
102683
102720
102757
102735
102724
102700
193508
193824
193530
102716
142540
142541
142542
142543
142544
142545
142546
142547
142548
142549
142550
142551
142552
142553
142554
142555
142556
142557
142558
142559
142560
142561
142562
142563
142564
142565
142566
142567
142568
142569
142570
142571
142572
142573
142574
142575
142576
142577
142578
142579
142580
142581
142582
142583
142584
142585
142586
142587
142588
142589
142590
142591
142592
142593
142594
142595
142596
142597
142598
142599
142600
142601
142602
142603
142604
142605
142606
142607
142608
142609
142610
142611
143583
142612
142613
143584
142614
142615
142616
142617
142618
142619
142620
142621
142622
142623
143585
142624
142625
142626
142627
142628
142629
142630
143586
142631
142632
142633
142634
142635
142636
142637
142638
142639
142640
142641
142642
142643
142644
142645
142646
142647
142648
142649
142650
142651
142652
144413
144414
144415
144416
144417
144418
144419
144420
144421
144422
144423
144424
144425
144426
144427
144428
144429
144430
144431
186090
186091
186092
143414
143415
143419
143420
143427
143428
143429
143430
143431
143432
143433
143434
143435
143436
143437
143438
143439
143440
91154
91153
91134
91129
91137
91152
91138
91133
91147
91132
91150
91141
143443
143447
143448
143449
143450
143451
143452
143453
143454
143455
143456
143457
143459
143462
143463
143469
143470
143471
143472
143473
143474
143475
143477
143481
143495
143509
143510
143511
143512
143513
143514
143515
143516
143517
143518
143416
143417
143418
143421
143422
143423
143424
143425
143426
91164
91162
91163
143441
143442
143444
143445
143446
143458
143460
143461
143464
143465
143466
143467
143468
143476
143478
143479
141422
141423
143623
141403
127637
141404
141405
141406
141407
141408
141409
141410
141411
141412
141413
141414
141415
141416
141417
141418
141419
141420
141421
141424
141425
141426
141427
141428
125979
125965
126127
125971
125956
125961
125900
125989
125919
125959
125957
125958
125975
125964
125988
125978
125967
125974
125951
125966
125985
125969
125954
125952
125976
125953
126112
126088
125963
125903
126125
125923
125866
125901
126098
126236
125850
126100
125949
126099
125845
125842
125861
126227
126122
126115
126087
125854
125859
126102
126374
125905
126383
126240
125962
125841
126114
125846
125909
125904
125863
125833
125950
126077
126101
126107
126123
126242
126080
126246
126089
126104
126113
125834
126109
125849
125868
125914
126245
126226
126084
126234
125858
126093
125860
125836
125896
126176
126117
126237
126257
126103
126121
125872
126247
126179
125877
126244
126120
126223
125830
126085
125986
126233
126091
125885
125897
125955
125968
126148
126086
125921
126110
125895
125912
125920
125883
125922
126108
125887
125915
126092
126105
126090
126096
126160
125857
125906
125889
125983
125890
126111
125881
126124
125907
125882
126097
125911
125894
126116
125831
125848
125960
125948
125913
126163
126106
126258
125837
125851
125873
125891
125871
125899
126118
126173
126152
126119
125878
126251
125884
126170
125972
125847
126076
125865
125844
125855
126230
126280
125853
125870
126081
126158
126239
126083
126187
126004
126263
125852
125856
126224
125867
126278
126243
126078
126264
126079
125997
125864
126075
126225
125843
125862
126231
126248
126229
126282
126249
126238
126285
126082
126241
126267
126232
126284
125902
125910
126126
126094
125892
125999
126286
126191
125996
126266
126265
126281
126272
125879
126190
126274
126189
126184
126268
126271
126002
126188
126276
126005
126192
126001
126287
126277
125998
126270
126269
126283
126275
126000
126273
125995
126279
126003
126185
126186
125947
126207
125827
126213
126205
126058
126216
126219
126212
126052
126072
126065
126221
126056
126220
125829
126061
126222
126214
126053
126204
126073
126070
126256
126208
126055
126054
125980
126059
126062
126211
125825
126066
126215
126068
126063
126064
125828
125826
126071
126209
126206
126217
126060
126074
126218
126210
126663
126664
126665
126843
126666
126844
126667
125924
126668
126669
126659
126845
126846
126660
126847
126837
126838
126661
126839
126670
126848
126868
126674
126852
126853
126675
126854
126855
126676
125977
126677
126856
126869
126857
126678
126679
126680
126858
126681
126671
126859
126849
126672
126673
126850
126682
126851
126700
126860
126686
126687
126688
126689
126864
126690
126691
126865
126866
126692
126693
126683
126684
126867
126685
126694
126698
126699
126527
126371
126531
126533
126761
126534
126520
126535
126377
126762
126537
126750
126528
126763
126379
126529
126764
126174
126765
126755
126756
126521
126751
126757
126381
126753
126178
126149
126743
126542
126769
126544
126545
126546
126523
126744
126361
126524
126525
126526
126547
126548
126745
126754
126771
126539
126382
126516
126518
126541
126758
126773
126759
126362
126261
125908
125876
126181
126159
126167
126164
126260
126150
125916
125992
126262
126161
125875
126177
125991
126165
126259
126162
126183
126180
126255
125898
125917
125946
125925
125886
125918
125987
126154
126155
126156
126182
125874
125880
125993
125888
126168
125994
125970
125981
126151
126171
125990
126172
125973
126169
125893
125984
125982
126166
126157
126739
126455
126459
126742
126460
126461
126462
126463
126464
126746
126465
126466
126747
126456
126550
126457
126458
126467
126471
126472
126473
126474
126475
126476
126477
126478
126468
126469
126359
126554
126470
126479
126483
126484
126485
126363
126486
126487
126488
126489
126490
126480
126481
126482
126491
126495
126496
126497
126498
126499
126500
126748
126501
126502
126492
126749
126493
126494
126503
126507
126508
126556
126509
126510
126557
126512
126558
143519
143520
143521
143522
143523
143524
143525
143526
143527
143528
143529
143530
143531
143532
143533
143534
143535
143536
143537
143538
143539
143540
143541
143542
143543
143544
143545
143546
143547
143548
143549
143550
143551
143552
143553
143554
143555
143556
143557
143558
143559
143560
143561
143562
143563
143564
143565
143627
143628
141531
141532
141533
141534
141535
141536
141537
141538
141539
141540
141541
141542
141543
141544
141545
141546
141550
141551
141552
141553
141554
142897
186024
186025
143050
186026
143062
143043
143100
143101
143038
143064
143056
143102
143042
143103
143063
143065
143066
143037
143058
143040
143039
143061
143060
143057
143026
143104
143041
143044
143059
143027
143067
143099
143052
143045
143105
143028
143029
143054
143046
143047
143030
143031
143055
143032
143033
143034
143035
143048
143112
143120
143976
143987
144123
144139
144172
144176
144066
144060
144059
144117
144067
144112
144146
144076
144158
144169
144136
144054
144119
144135
144150
144118
144121
144174
144145
144074
144157
144092
144047
144044
144097
144050
144069
144148
144120
144151
144143
144153
144113
144049
144056
144094
144147
144166
144073
144065
144068
144064
144048
144046
144096
144165
144053
144062
144077
144107
144140
144051
144163
144162
144111
144160
144134
144089
144106
144168
144122
202834
202835
202836
144070
144072
144116
144125
144171
144149
144159
144138
144071
144175
202833
144164
202837
144170
144155
144161
144177
144137
144055
144173
144052
144058
144075
144154
144093
144063
144061
144080
144078
202838
144141
144142
144045
144087
144079
144152
144167
144098
144156
144144
144099
144081
144115
144127
144126
144104
144128
144133
144108
144105
144084
144131
144095
144100
144082
144102
144086
144085
144130
144124
144088
144109
144101
144091
185722
144110
144129
144090
144103
144132
144083
144114
144057
143735
143875
144184
144187
186034
186030
186032
186039
186035
186036
186038
186033
186031
186029
186037
143335
143307
142482
196929
196930
196931
196932
186042
193226
193233
193232
193212
193213
193214
193210
193211
196925
196926
196927
144391
144409
186115
144398
186116
144402
144405
144390
144406
144401
144394
144397
143566
143567
143619
143621
143622
143620
185743
185744
185745
185746
185747
185748
185749
185750
185751
185752
185753
185754
185755
185756
185757
185758
185759
185760
185761
185762
185763
185742
185764
185765
185766
185769
185767
185768
185776
185777
185780
185778
185779
185770
185771
185772
185773
185775
141212
141130
141227
141267
141244
141255
141258
141343
141209
141263
141232
141342
141237
141261
141226
141339
141224
141247
141277
141259
141345
141208
141211
141214
141219
141241
141272
141239
141253
141274
141260
141252
141264
141243
141269
141344
141213
141315
141278
141235
141341
141238
141268
141220
141221
141231
141217
141236
141246
141275
141279
141225
141256
141210
141215
141223
141271
141273
141218
141229
141245
141251
141265
141291
141242
141254
141216
141257
141270
141228
141250
141249
141262
141340
141390
141222
141230
141266
141276
141248
141240
141234
141102
141170
141161
141106
141191
141089
141154
141112
141097
141202
141095
141190
141136
141141
141163
141088
141115
141096
141147
141098
141156
141201
141108
141162
141123
141151
141153
141192
141144
141179
141346
141347
141194
141139
141099
141189
141121
141200
141178
141206
141103
141117
141119
141148
141203
141146
141114
141093
141198
141160
141107
141090
141109
141293
141135
141145
141159
141188
141129
141128
141186
141349
141350
141193
141204
141195
141164
141133
141199
141132
141110
141142
141092
141138
141155
141184
141187
141125
141137
141131
141196
141091
185789
185794
141094
185795
185796
185790
141167
185791
185792
141126
185793
185781
141290
141331
141173
141302
141320
141285
141287
185782
141296
185783
141326
141100
141333
141311
141185
141301
141294
141313
141150
141303
141324
141207
141183
141334
141322
141175
141157
141174
141168
141101
141182
141317
141295
141330
141310
141335
141197
141205
141118
185785
141120
141336
141307
141321
141169
141332
141113
141280
141297
141116
141312
185784
141122
141140
141318
141327
141127
141180
141176
141158
185786
141314
141166
141124
141284
141171
141143
141177
141325
141328
141105
141316
141289
141299
141152
141323
141319
141283
141338
141298
141306
141288
141104
141286
141337
141149
141329
141181
141134
141282
141111
141281
141308
141402
141392
141375
141395
141376
141379
141368
141372
141394
141377
185787
141400
141387
141352
141382
185788
141396
141363
141305
141380
141383
141365
141355
141360
141374
141359
141351
141393
141300
141348
141357
141373
141362
141371
141386
141354
141397
141385
141388
141358
141370
141356
141389
141398
141367
141399
141165
141381
141401
141361
141369
141364
141391
141353
141378
141384
141366
186158
247218
186157
247219
247220
186162
186160
186159
186156
186161
125394
125396
141927
141937
141938
141939
141940
102784
193858
193852
193863
193857
193827
193854
193862
193841
193860
193828
193832
193826
193842
193836
193843
193829
193839
193835
193838
193846
193847
193856
193853
193830
193834
193840
193848
193864
193831
193837
193851
193861
193845
193850
193859
193833
193844
193849
193806
193823
193647
193659
193662
193821
193675
193677
82306
82310
82353
102725
102691
102746
102732
143480
143483
143485
143487
143490
143491
143493
143496
143499
143501
143502
143503
143504
143505
143506
143507
143508
143482
143484
143486
143488
143489
143492
143494
143497
143498
143500
143578
143579
143580
143624
143581
143582
144652
144653
144654
144655
144656
144657
144658
144659
144660
144661
144662
144663
144664
144665
144666
144667
144668
144669
144670
144671
144672
144673
144674
144675
144676
144677
144678
144679
144680
144681
144682
144683
144684
144685
144686
144687
144688
144689
144690
144691
144692
144693
144694
144695
144696
144697
144698
144699
144700
144701
144702
144703
144704
144705
144706
144707
144708
144709
144710
144711
144712
144713
144714
144715
144716
144717
144719
144720
144721
144722
144723
144724
144725
144726
144727
144728
144729
144730
144731
144732
144734
144735
144736
144737
144738
144739
144740
144741
144742
144743
144744
144745
144746
144747
144748
144749
144750
144751
144752
144753
144754
144755
144756
144757
144758
144759
144760
144761
144762
144763
144764
144765
144766
144767
144768
144769
144770
144771
144772
144773
144774
144775
144776
144777
144778
144779
144780
144781
144782
144783
144784
144785
144786
144787
144788
144789
144790
144791
144792
144793
144794
144795
144796
144797
144798
144799
144800
144801
144802
144803
144805
144806
144807
144808
144809
144810
144811
144812
144813
144814
144815
144816
144817
144818
144819
144820
144821
144822
144823
144824
144825
144826
144827
144828
144829
144830
144831
144832
144833
144834
144835
144836
144837
185720
144718
144733
144804
144432
144433
144434
144435
144436
144437
144438
144439
144440
144441
144442
144443
144444
144445
144446
144447
144448
144449
144450
144451
144452
144453
144454
144455
144456
144457
144458
144459
144460
143629
143630
144461
143631
144462
144463
144464
143632
144465
144466
144467
143633
144468
144469
144470
144471
144472
144473
144474
144475
144476
144477
144478
144479
144480
143634
144481
144482
143635
144483
144484
144485
144486
144487
143636
144488
144489
144490
144491
144492
144493
144494
144495
193374
144496
144497
144498
144499
144500
144501
144502
144503
144504
144505
144506
144507
144508
144509
144510
144511
144512
144513
144514
144515
144516
144517
144518
144519
144520
144521
144522
144523
144524
144525
144526
144527
144528
144529
144530
144531
144532
144533
144534
144535
144536
144537
144538
144539
144540
144541
144542
144543
144544
144545
144546
144547
144548
144549
144550
144551
144552
144553
144554
144555
144556
144557
144558
144559
144560
144561
144562
144563
144564
144565
144566
144567
144568
144569
144570
144571
144572
144573
144574
144575
144576
144577
144578
144579
144580
144581
144582
144583
144584
144585
144586
144587
144588
144589
144590
144591
144592
144593
144594
144595
144596
144597
185719
144598
144599
144600
144601
144602
144603
144604
144605
144606
144607
144608
144609
144610
144611
144612
144613
144614
144615
144616
144617
144618
144619
144620
144621
144622
144623
144624
144625
144626
144627
144628
144629
144630
144631
144632
144633
144634
144635
144636
144637
144638
143637
144639
144640
144641
144642
144643
144644
144645
144646
144647
144648
144649
144650
144651
143352
143353
143354
143355
143356
143357
143358
143359
143360
143361
143362
143363
143364
143365
143366
143367
143368
143369
143370
143371
143372
143373
143374
143375
143376
143377
143378
143379
143380
143381
143382
143383
143384
192997
192999
193000
193001
193004
193005
193008
193010
193011
193013
193014
193016
193017
193018
193021
193023
193024
193025
193026
192964
192965
192969
192970
192973
193065
193067
192951
192952
192953
192955
192957
192959
192961
193056
193057
193059
193062
193074
103918
103910
103896
103925
193040
193043
193044
193046
193033
193034
193036
193038
193027
193028
193031
193032
70091
70102
193069
193072
126517
143626
193076
193077
193078
193079
193080
193081
193082
193083
193084
193085
193086
193087
193088
193089
193090
193091
193092
193093
193094
193095
193096
193097
193098
193099
193100
193101
193102
193103
193104
193105
193106
193107
193108
193109
193110
193111
193112
193113
193114
193115
193116
193117
193118
193119
193120
193121
193122
193123
193124
193125
193126
193127
193128
193129
193130
193131
193132
193133
193134
122464
122465
198594
198601
198602
198595
198596
198597
198598
198599
198603
198604
198600
199585
199586
199587
199588
199589
199590
199591
199592
199593
143106
143095
143079
143081
143082
143096
143085
143086
143073
143088
143089
143074
143075
143090
143107
143091
143070
143072
143097
143108
143092
143093
143110
199595
199602
199603
199604
199596
199605
199606
199607
199608
199612
199613
199614
199615
199609
200195
200165
199616
199598
199601
199610
199599
199611
199597
199600
199617
199584
199618
199619
199594
199963
199964
199965
199966
199967
199968
199969
199970
199971
199972
199973
199974
199975
199976
199977
199978
199979
199980
199981
199982
199983
199984
199985
199986
199987
199988
199989
199990
199991
199992
199993
199994
199996
199997
199998
199999
200000
200001
200002
200003
200004
200005
200006
200007
200008
200009
200010
200011
200012
200013
200014
200097
200098
200099
200100
200101
200102
200103
200104
200105
200106
200107
200108
200109
200110
200111
200112
200113
200114
200115
200116
200117
200118
200119
200120
200121
200122
200123
200124
200125
200126
200127
200128
200129
200130
200131
200132
200133
200134
200135
200136
200137
200138
200139
200140
200141
200142
200143
200144
202807
202821
202827
202808
202809
202811
202822
202812
202813
202823
202824
202828
202819
202802
202803
202810
202820
202804
202825
202805
202806
202826
202818
202814
202815
202817
202816
247520
198552
198553
198554
198555
198556
198557
198558
198559
198560
198561
199521
199522
198562
198567
198576
198578
198579
198580
198581
198563
198564
198565
198566
198568
198569
198570
198571
198572
198573
198574
198575
198577
198582
198583
199477
199478
199479
199480
199481
199482
199483
199484
199485
199486
199487
199488
199489
199490
199491
199492
199493
199494
199495
199496
199497
199498
199471
199499
199500
199501
199470
199474
199476
199517
247548
120730
196957
196955
196956
196933
196934
196935
196936
196937
196938
196939
196940
196941
196942
196943
196944
196945
196946
196947
196948
196949
196950
196951
196952
196953
196954
193216
193217
193218
193219
193220
193221
193222
193223
193224
193225
193231
193229
193227
193228
193230
193234
193235
193242
193237
193239
193240
193215
193243
193241
193244
193245
193236
193238
196915
196916
196917
196928
196918
196919
196920
196921
196922
196923
196924
199385
199384
199394
199392
199393
199386
199387
199389
200671
200672
200685
200673
200674
200686
200675
200676
200677
200678
200681
199390
199383
199391
199396
199397
199398
199822
199852
199854
199855
199867
199931
199932
199939
199937
199938
199890
199891
199889
199892
199893
199894
199895
199897
199898
199899
199900
199916
199901
199902
199903
199904
199887
199888
199914
199884
199885
199882
199881
199886
199883
199909
199880
199877
199878
199879
199875
199876
199874
199910
199872
199871
199868
199870
199873
199869
199866
199865
199863
199928
199864
199861
199862
199858
199856
199857
199859
199860
199911
199906
199921
199913
199908
199912
199907
199803
199811
199750
199812
199842
199815
199802
199764
199837
199765
199838
199804
199774
199785
199787
199778
199848
199849
199763
199776
199832
199752
199757
199756
199775
199820
199835
199760
199813
199805
199816
199840
199830
199831
199834
199773
199828
199771
199772
199770
199847
199807
199819
199800
199817
199777
199767
199825
199808
199839
199768
199806
199755
199762
199769
199779
199766
199751
199841
199780
199761
199845
199823
199814
199829
199844
199789
199821
199833
199809
199798
199836
199846
199810
199818
199753
199754
199827
199826
199758
199801
199759
199843
199799
199791
199824
199790
199783
199795
199786
199788
199781
199797
199794
199792
199749
199784
199793
199782
199796
199853
199915
199918
199920
199919
199923
199922
199933
199927
199925
199924
199930
199935
199917
199926
199934
199936
199929
199940
143625
198725
198726
198727
198728
198729
198730
198731
198732
198733
198734
198735
198736
198737
198738
198739
198740
198741
198742
198743
198744
198745
198746
198747
198748
193542
193543
193544
193545
193546
193547
193548
193549
193550
193551
193552
193553
193554
193555
193556
193557
193558
193559
193560
193561
193562
193563
193564
193565
193566
193567
193568
193569
193570
193571
193572
193573
193574
193575
193576
193577
193578
193579
193580
193581
193582
193583
193584
193585
193586
193587
193588
193589
193590
193591
193592
193593
193594
193595
193596
193597
193598
193599
193600
193601
193602
193603
193604
193605
193606
193607
193608
193609
193610
193611
193612
193613
193614
193615
193616
193617
193618
193619
193620
193621
193622
193623
193624
193625
193626
193627
193628
193629
193630
193631
193632
193633
193170
193171
193172
193173
193174
193175
193176
193177
193201
193202
193203
193204
193205
193206
193207
193208
193209
193178
193179
193180
193181
193182
193183
193184
193185
193186
193187
193188
193189
193190
193191
193192
193193
193194
193195
193196
193197
193198
193199
193200
199323
199331
199291
199329
199340
199293
199193
199343
199342
199295
199292
199344
199336
199335
199326
199310
199309
199359
199337
199352
199318
199356
199192
199288
199198
199195
199350
199317
199333
199332
199289
199311
199316
199328
199354
199300
199298
199297
199320
199346
199357
199314
199355
199294
199304
199296
199347
199307
199325
199345
199341
199319
199358
199299
199339
199313
199290
199338
199334
199324
199327
199287
199308
199360
199302
199303
199351
199349
199321
199315
199197
199301
199306
199348
199305
199353
199330
199194
199322
199312
199196
199199
199280
199362
199200
199361
199281
199201
199282
199251
199202
199203
199283
199204
199205
199284
199285
199206
199207
199208
199209
199210
199252
199211
199212
199253
199213
199214
199215
199216
199217
199218
199219
199220
199221
199222
199223
199224
199254
199255
199225
199226
199227
199256
199228
199257
199258
199259
199229
199230
199231
199260
199232
199233
199261
199234
199235
199236
199237
199238
199262
199263
199239
199264
199265
199240
199241
199266
199242
199267
199243
199244
199245
199246
199247
199268
199269
199248
199249
199270
199271
199272
199273
199274
199275
199276
199277
199278
199279
199250
199620
199621
199622
199623
199624
199625
199626
199627
199628
199629
199630
199631
199632
199633
199634
199635
199636
199637
199638
199639
199640
199641
199642
199643
199644
198608
198609
198705
198610
198611
198612
198613
198614
198640
198641
198642
198680
198681
198682
198683
198684
198685
198686
198687
198688
198689
198690
198691
198692
198693
198694
198695
198696
198697
198698
198699
198700
198701
198702
198703
198704
111000
198707
198708
198711
198712
198713
198714
198715
198716
198717
198718
198719
198720
198721
198722
198724
198606
198607
198615
198616
198617
198618
198619
198620
198621
198622
198623
198624
198625
198626
198627
198628
198629
198630
198710
198631
198632
198633
198634
198635
198636
198637
198638
198639
198643
198644
198645
198646
198647
198648
198649
198650
198651
198652
198653
198654
198655
198656
198657
198658
198659
198660
198661
198662
198663
198664
198665
198723
198666
198667
198668
198706
198670
198673
198674
198675
198676
198677
198678
198679
198669
198671
198672
198709
198589
198591
198592
198584
198593
198585
198587
198588
198590
198586
193700
193701
193702
193703
193704
193705
193706
193707
193708
193709
193710
193711
193712
193713
193714
193715
193716
193717
193718
193719
193720
193721
193722
193723
193724
193725
193726
193727
193728
193729
193730
193731
193732
193733
193734
193735
193736
193737
193738
193739
193740
193741
193742
193743
193744
193745
193746
193747
193748
193749
193750
193751
193752
193753
193754
193755
193756
193757
193758
193759
193760
193761
193762
193763
193764
193765
193766
193767
193768
193769
193770
193771
193772
193773
193774
102789
197827
197828
197829
197830
197831
193452
199645
199646
199647
199648
199649
199650
199651
199652
199653
199654
199655
199656
199657
199658
199659
199660
199661
199662
199663
199664
199665
199666
199667
199668
199669
199670
199671
199672
199673
199674
199675
199676
199677
199678
204518
199679
193353
193354
193357
193358
193359
193360
193361
193362
193363
193364
193365
193366
193367
193368
193369
193370
193371
193372
193373
193375
193376
193377
193378
193379
193380
193381
193382
193383
193384
193385
199680
193386
193355
193387
193388
193356
193389
204519
193136
193137
193138
193139
193140
193141
193142
192954
192956
192958
192960
192962
192963
192966
192967
192968
192971
192972
192974
192975
192976
192977
192978
192979
192980
192981
192982
192983
192984
192985
192986
192987
192988
192989
192990
192991
192992
192993
192994
192995
192996
192998
193002
193003
193006
193007
193009
193012
193015
193019
193020
193022
193029
193030
193035
193037
193039
193041
193042
193045
103905
103920
103911
103923
103912
193058
193060
193061
193063
193064
193066
193068
193070
193071
193073
193075
192950
196958
196959
196960
196961
196962
196963
196964
196965
196966
196967
196968
199520
196969
196970
196971
196972
196973
196974
196975
196976
196977
196978
196979
196980
196981
196982
196983
196984
196985
196986
196987
203159
196988
196989
196990
196991
196992
196993
196994
196995
196996
196997
196998
196999
197000
197001
197002
197003
197004
197005
197006
197007
197008
197009
197010
197978
193680
193681
193682
193683
193684
193685
193686
193687
193688
193689
193690
193691
193692
193693
193694
193695
193696
119197
193697
193698
193699
196386
196387
196388
196389
196390
196391
196392
196393
196394
196395
196396
196397
196398
196399
196400
196401
196402
196403
196404
196405
196406
196407
196408
196409
196410
196411
196412
196413
196414
196415
196416
196417
196418
196419
196420
196421
196422
196423
196424
196425
196426
196427
196428
196429
196430
196431
196432
196433
196434
196435
197820
197455
197818
197815
197813
197812
197808
197807
197806
197805
197804
197803
197799
197798
197797
197796
197795
197794
197793
197452
197792
197791
197789
197784
197783
197782
197450
197414
197780
197772
197769
197412
197753
197751
197750
197747
197740
197739
197738
197735
197408
197733
197732
197731
197728
197726
197725
197721
197716
197715
197714
197712
197711
197709
197707
197706
197702
197701
197698
197693
197692
197449
197683
197680
197676
197675
197674
197673
197672
197457
197668
197666
197657
197611
197604
197602
197600
197599
197593
197590
197588
197540
197539
197538
197533
197522
197528
197047
197026
197034
197014
197018
197040
197015
197046
197021
197031
197028
197025
197019
197012
197039
197520
197038
197020
197030
197027
197041
197017
197013
197036
197022
197023
197024
197029
197037
197032
197505
197500
197496
197495
197494
197585
197576
197572
197570
197654
197650
197649
197648
197643
197639
197637
197636
197633
197632
197622
197615
197614
197613
197612
197400
197016
197045
197044
197011
197035
197042
197043
197033
197048
197109
197108
197106
197100
197097
197091
197089
197088
197086
197085
197077
197076
197074
197070
197181
197180
197399
197179
197177
197161
197203
197188
197186
197182
197147
197146
197143
197133
197131
197130
197128
197125
197468
197467
197562
197445
197438
197434
197432
197431
197429
197427
197424
197419
197558
197552
197121
197226
197255
197245
197822
197816
197814
197802
197801
197800
197788
197451
197779
197778
197777
197773
197770
197767
197766
197765
197761
197758
197410
197755
197749
197746
197743
197742
197741
197737
197736
197730
197727
197723
197719
197718
197708
197704
197703
197699
197697
197696
197691
197690
197687
197684
197448
197681
197677
197446
197670
197669
197665
197664
197663
197662
197661
197658
197656
197655
197608
197603
197596
197592
197589
197544
197542
197536
197535
197534
197532
197531
197527
197391
197395
197389
197387
197385
197384
197379
197378
197362
197358
197355
197324
197354
197343
197335
197331
197325
197320
197316
197315
197314
197313
197312
197304
197303
197300
197299
197298
197296
197294
197290
197287
197284
197283
197282
197281
197279
197274
197272
197064
197063
197514
197511
197503
197581
197580
197578
197574
197489
197571
197569
197653
197651
197646
197642
197641
197640
197638
197635
197634
197631
197630
197629
197624
197623
197620
197617
197616
197401
197057
197056
197052
197051
197110
197111
197113
197107
197102
197099
197098
197095
197092
197084
197082
197081
197080
197079
197078
197075
197073
197071
197069
197067
197176
197172
197171
197170
197167
197166
197165
197164
197547
197158
197154
197204
197201
197200
197195
197193
197189
197184
197117
197116
197152
197151
197149
197139
197138
197134
197132
197127
197126
197124
197123
197122
197473
197472
197469
197466
197464
197463
197462
197459
197564
197563
197561
197560
197418
197417
197416
197415
197443
197442
197441
197439
197437
197436
197430
197428
197426
197423
197422
197421
197559
197555
197550
197548
197234
197233
197232
197230
197228
197222
197221
197217
197216
197215
197212
197210
197209
197207
197206
197268
197267
197266
197823
197825
197261
197259
197826
197256
197251
197248
197247
197242
197239
197824
197821
197819
197811
197810
197809
197790
197785
197781
197776
197775
197774
197771
197413
197764
197411
197760
197759
197757
197754
197752
197748
197745
197734
197724
197722
197720
197717
197713
197710
197406
197405
197403
197705
197700
197695
197688
197685
197682
197447
197679
197458
197667
197659
197610
197606
197605
197601
197595
197594
197591
197543
197541
197530
197525
197329
197328
197397
197396
197394
197388
197383
197382
197375
197365
197361
197360
197359
197352
197350
197346
197344
197339
197336
197334
197330
197327
197326
197323
197322
197319
197317
197309
197518
197517
197307
197306
197305
197297
197293
197292
197289
197286
197285
197277
197275
197513
197508
197506
197502
197499
197498
197491
197490
197577
197575
197568
197566
197644
197628
197626
197625
197621
197487
197055
197054
197053
197050
197049
197112
197114
197115
197105
197104
197103
197093
197090
197072
197486
197178
197175
197169
197163
197159
197485
197155
197202
197198
197196
197192
197191
197190
197185
197183
197153
197150
197148
197145
197142
197141
197483
197476
197471
197470
197465
197461
197565
197444
197440
197425
197556
197554
197553
197551
197120
197119
197235
197229
197223
197219
197218
197213
197211
197269
197263
197264
197258
197254
197253
197250
197249
197244
197243
197238
197237
197817
197454
197453
197786
197763
197762
197756
197409
197744
197729
197404
197694
197686
197678
197671
197660
197609
197607
197456
197524
197523
197537
197529
197398
197393
197392
197390
197386
197381
197380
197376
197373
197372
197371
197369
197368
197364
197357
197356
197353
197349
197348
197347
197345
197341
197340
197338
197337
197333
197332
197321
197318
197311
197308
197519
197516
197302
197295
197291
197288
197276
197271
197515
197512
197501
197497
197493
197492
197587
197583
197582
197579
197573
197567
197652
197647
197645
197627
197618
197062
197061
197060
197059
197058
197101
197096
197094
197087
197083
197068
197168
197160
197157
197156
197546
197199
197197
197187
197144
197140
197135
197129
197484
197482
197481
197480
197479
197477
197474
197460
197435
197433
197420
197557
197549
197227
197225
197224
197066
197220
197214
197208
197205
197265
197262
197260
197257
197252
197246
197240
197065
197236
197787
197768
197407
197689
197598
197597
197545
197526
197377
197374
197370
197367
197366
197363
197351
197342
197310
197521
197301
197280
197278
197273
197270
197510
197509
197507
197504
197586
197584
197488
197619
197402
197174
197173
197162
197194
197118
197137
197136
197478
197475
197231
197241
119298
194897
194898
119186
119187
119265
194899
194900
143393
119249
194901
194902
119224
119262
194903
194896
194904
143386
194905
143396
194906
143388
194907
194908
119282
194909
194910
194924
143389
194911
143395
194912
194913
194914
194915
194916
194917
194918
194919
194920
194921
194922
194923
196494
196495
196496
196497
196498
196499
196500
196501
196502
196503
196504
196505
196506
196507
196508
196509
196510
196511
196512
196513
196514
196515
196516
196517
196518
196519
196520
196521
196522
196523
196524
196525
196526
196527
196528
196529
196530
196531
196532
196533
196534
196536
196537
196538
196539
196540
196541
196542
196543
196544
196545
196546
196547
196548
196549
196550
196551
196552
196553
196554
196555
196556
196557
196558
196559
196560
196561
196562
196563
196564
196565
196566
196567
196568
196569
196570
196571
196572
196573
196574
196575
196576
196577
196578
196579
196580
196581
196582
196583
196584
196585
196586
196587
196588
196589
196590
196591
196592
196593
196594
196595
196596
196597
196598
196599
196600
196601
196602
196603
196604
196605
196606
196607
196608
196609
196610
196611
196612
196613
199399
199400
199401
199402
199403
199404
199405
199406
199407
199408
199409
199410
199411
199412
199413
199414
199415
199416
199417
199418
199419
199420
199421
199422
199423
199424
199425
199426
199427
199428
199429
199430
199431
199432
199433
199434
199435
199436
199437
199438
199439
199440
199441
199442
199443
199444
199445
199446
199447
199448
199449
199450
199451
199452
199453
199454
199455
199456
199457
199458
199459
199460
199461
199462
199463
199464
199469
199465
199466
199467
199468
196436
196437
196438
196439
196440
196441
196442
196443
196444
196445
196446
196447
196448
196449
196450
196451
196452
196453
196454
196455
196456
196457
196458
196459
196460
196461
196462
196463
196464
196465
196466
196467
196468
196469
196470
196471
196472
196473
196474
196475
196476
196477
196478
196479
196480
196481
196482
196483
196484
196485
196486
196487
196488
196489
196490
196491
196492
196493
197832
197833
197834
197835
197837
197838
197839
197840
197841
197842
197843
197844
197845
197846
197847
197848
197849
197850
197851
197852
197853
197854
197855
197856
197857
197858
197859
197860
197861
197862
197863
197864
197865
197866
197867
197868
197869
197870
197871
197872
197873
197874
197875
197876
197877
196855
196856
196857
196858
196859
196860
196861
196862
196863
196864
196865
196866
196867
196868
196869
196870
196871
196872
196873
196874
196875
196876
196914
196877
196878
196879
196880
196881
196882
196883
196884
196885
196886
196887
196888
196889
196890
196891
196892
196893
196894
196895
196896
196897
196898
196899
196900
196901
196902
196903
196904
196905
196906
196907
196908
196909
196910
196911
196912
196913
193143
193144
193145
193146
193147
193148
193149
193150
193151
193152
193153
193154
193155
193156
193157
193158
193159
193160
193161
193162
193163
193164
193165
193167
193168
193169
199363
199364
199365
199366
199367
199368
199369
199370
199371
199372
199373
199374
199375
199376
199377
199378
165898
166140
166551
167591
170553
170550
170552
199379
199382
199380
199381
193320
193318
193250
193251
193255
193253
193254
193252
193261
193262
193263
193256
193257
193258
193259
193260
193267
193266
193265
193268
193269
193270
193319
193248
193271
193272
193264
193277
193281
193275
193273
193279
193280
193278
193276
193274
193282
193283
193296
193287
193294
193295
193289
193292
193288
193293
193291
193249
193284
193285
193286
193290
193321
193304
193314
193306
193305
193301
193308
193297
193298
193299
193312
193303
193302
193307
193300
193311
193310
193309
193317
193315
193316
193322
193313
193324
193325
193323
193328
193327
193326
193330
193329
193331
193332
193338
193337
193334
193341
193335
193333
193342
193340
193336
193339
193343
193344
193345
193346
193347
193348
193349
193350
193351
193352
196621
196619
196639
196620
196623
196678
203236
196671
196669
196647
196629
196637
196673
196631
196634
196624
196636
196762
196658
196679
196627
196675
196615
196640
196618
196681
196672
196670
196633
196642
196635
196674
196646
196680
196632
196659
196660
196684
196751
196742
196692
196644
196657
196656
196643
196746
196738
196694
196734
196650
196666
196745
196735
196698
196653
196749
196664
196739
196645
196652
196693
196747
196748
196687
196702
196703
196701
196757
196759
196718
196730
196758
196713
196717
196728
196617
196667
196626
196676
196682
196622
196648
196630
196677
196761
196668
196616
196638
196641
196628
196625
196683
196662
196743
196740
196696
196655
196649
196688
196737
196661
196665
196651
196663
196750
196685
196689
196744
196697
196741
196695
196690
196691
196654
196736
196686
196755
196711
196716
196723
196708
196724
196753
196756
196714
196754
196699
196700
196709
196715
196712
196707
196706
196727
196720
196725
196704
196732
196710
196726
196729
196705
196752
196722
196733
196721
196731
196719
198970
198971
198972
198973
198974
198975
198976
198977
198978
199072
198979
198980
198981
198982
198983
198984
198985
198986
198987
198988
198989
198990
198991
198992
198993
198994
198995
198996
198997
198998
198999
199000
199001
199002
199003
199004
199005
199006
199007
199008
199009
199010
199011
199012
199013
199014
199015
199016
199017
199018
199019
199020
199021
199022
199023
199024
199025
199026
204520
199027
199028
199029
199030
199031
199032
199033
199034
199035
199036
199037
199038
199039
199040
199041
199042
199043
199044
199045
199046
199047
199048
199049
199050
199051
199052
199053
199054
199055
199056
199057
199058
199059
199060
199061
199062
199063
199064
199065
199066
199067
199068
199069
199070
199071
197878
197879
197880
197881
197882
197883
197884
197885
197886
197887
197888
197889
197890
197891
197892
197893
197894
197895
197896
197897
197898
197899
197900
197901
197902
197903
197904
197905
197906
197907
197908
197909
197910
197911
197912
197913
197914
197915
197916
197917
197918
197919
197920
197921
197922
197923
197924
197925
197926
197927
197928
197929
197930
197931
197932
197933
197934
197935
197936
197937
197938
197939
197940
197941
197942
197943
197944
197945
197946
197947
197948
197949
197950
197951
197952
197953
197954
197955
197956
197957
197958
197959
197960
197961
197962
197963
197964
197965
197966
197967
197968
197969
197970
197971
197972
197973
197974
197975
197976
197977
196370
196371
196376
196375
196374
196372
196377
196373
196385
196380
196378
196381
196384
196383
196382
196379
199100
199101
199102
199103
199104
199105
199106
199107
199108
199109
199110
199111
199112
199113
199114
199115
119303
199116
199117
199118
199119
199120
199121
199122
199123
199124
199125
199126
199127
199128
199129
199130
199131
199132
199133
199134
199135
199136
199137
199138
199139
199140
199141
199142
199143
199144
199145
199146
199147
199148
199149
199150
199151
199152
199153
199154
199155
199156
199157
199158
199159
199160
199161
199162
199163
199164
199165
199166
199167
199168
199169
199170
199171
199172
199173
199174
199175
199176
199177
199178
199179
199180
199181
199182
199183
199184
199185
199186
109768
109770
199187
199188
199189
199190
199191
199540
199541
199542
199543
199544
199545
199546
199547
199548
199549
199550
199551
199552
199553
199554
199555
199556
199557
199558
199559
199560
199561
199562
199563
199564
199565
199566
199567
199568
199569
199570
199571
199572
199573
199574
199575
199576
199577
199578
199579
199580
199581
199582
199583
203375
203376
203377
203378
203379
203380
126020
126353
126321
126315
126308
126725
126714
126559
126560
126561
126551
126708
126552
126553
126407
126562
126387
126722
126802
126721
126781
126416
126388
126389
126390
126568
126782
126811
126783
126571
126705
126572
126573
126391
126409
126393
126384
126785
126574
126585
126400
126788
126586
126406
200151
200152
200153
200154
200155
200156
200157
200164
200166
200167
200168
200212
200169
200170
200163
200171
200172
200196
200186
200197
200198
200199
200173
200200
200201
200176
200202
200203
200190
200204
200177
200209
200185
200205
200206
200207
200183
200174
200181
200178
200208
200182
200184
200189
200175
200179
200180
200187
200188
200192
200191
200211
200193
200210
200194
200162
202441
202442
202443
202444
202445
202446
202447
202448
202449
202450
202451
202452
202453
202454
202455
202456
202457
202458
202459
202460
202461
202462
202463
202464
202465
202466
202467
202468
202469
202470
202471
202472
202473
202474
202475
202476
202477
202478
202479
202480
202481
202482
202483
202484
202485
202486
202487
202488
202489
202490
202491
202492
202493
202494
202495
202496
202497
202498
202499
202500
202501
202502
202503
202504
202505
202506
202507
202508
202509
202510
202511
202512
202513
202514
202515
202516
202517
202518
202519
202520
202521
202522
202523
202524
202525
202526
202527
202528
202529
202530
202531
202532
202533
202534
202535
202536
202537
202538
202539
202540
202541
202542
202543
202544
202545
202546
202547
202548
202549
202550
202551
202552
202553
202554
202555
202556
329421
294965
257021
257022
257031
257026
257017
257023
257028
257033
257027
257034
257030
257024
257020
257032
257016
249965
249967
249969
249971
249972
249973
249974
249976
249977
249978
249980
249983
249984
249985
249986
249988
249989
249990
249991
249993
249994
250001
250002
250004
250006
250012
200664
200665
200666
200667
200668
200669
200670
200679
200687
200680
200682
200683
200684
200320
200321
200322
200323
200242
200243
200244
200245
200246
200247
200248
200249
200250
200251
200252
200253
200254
200255
200256
200257
200258
200259
200260
200262
200263
200264
200265
200266
200267
200268
200269
200270
200271
200272
200273
200274
200275
200276
200277
200278
200279
200280
200281
200282
200283
200284
200285
200286
200287
200288
200289
200290
200291
200292
200218
200219
200220
200221
200222
200223
200224
200225
200293
200294
200295
200296
200297
200298
200299
200300
200301
200302
200303
200304
200305
200306
200307
200308
200309
200310
200311
200312
200313
200314
200315
200316
200317
200318
200319
200226
200227
200228
200229
200230
200231
200232
200233
200234
200235
200236
200237
200238
200239
200240
200241
200346
200336
200332
200338
200331
200335
200340
200341
200345
200349
200350
200333
200334
200351
200330
200329
200337
200352
200348
200344
200343
200325
200326
200339
200328
200342
200347
200327
200655
200654
200656
200661
200657
200658
200659
200660
203060
203061
203062
203063
203064
203065
203066
203067
203068
203069
203070
203071
203072
203073
203074
203075
203076
203077
203078
203079
203080
203081
203082
203083
203084
203085
203087
203088
203090
203091
203092
203093
203094
203095
203096
203097
203098
203099
203101
203102
203103
203105
203106
203107
203108
203109
203110
203111
203112
203113
203114
203115
203116
203117
203118
203120
203121
203122
203123
203124
203125
203126
203127
203128
203129
203130
203132
203133
203134
203135
203136
203137
203138
203139
203140
203141
203142
203143
200662
200663
200620
200627
200630
200637
200621
200622
200624
200625
200626
200628
200633
200634
200635
200636
200638
200641
200642
200644
200647
200650
200651
200623
200629
200631
200632
200639
200640
200643
200645
200646
200648
200649
200652
200354
200452
200458
200459
200466
200467
200468
200471
200472
200473
200476
200477
200478
200480
200481
200482
200487
200355
200356
200488
200490
200357
200492
200359
200362
200365
200373
200374
200377
200379
200382
200383
200385
200495
200497
200394
200500
200502
200504
200506
200402
200404
200407
200410
200514
200417
200425
200426
200429
200430
200435
200446
200447
200450
200451
200453
200455
200456
200457
200460
200461
200462
200465
200469
200474
200475
200479
200485
200486
200489
200493
200358
200364
200366
200378
200380
200381
200384
200387
200388
200389
200392
200393
200501
200503
200505
200395
200396
200507
200397
200509
200511
200512
200401
200403
200405
200409
200411
200412
200414
200515
200416
200421
200422
200516
200517
200431
200432
200433
200438
200518
200439
200443
200521
200449
200528
200529
200454
200463
200470
200483
200491
200494
200360
200361
200363
200367
200368
200370
200375
200376
200386
200499
200508
200400
200406
200408
200513
200415
200418
200419
200420
200423
200424
200427
200428
200434
200437
200440
200441
200444
200445
200522
200523
200524
200525
200464
200369
200371
200372
200496
200390
200498
200510
200398
200413
200436
200442
200519
200520
200448
200526
200527
200484
200391
200399
193166
202557
202558
202559
202560
255366
255367
255368
255370
255372
255373
255374
255375
255376
255377
255378
255379
255380
255381
255382
255383
255384
255385
255386
255387
255388
255389
255390
255391
255392
255394
255395
255397
255398
261413
261415
261416
261417
261418
261420
261421
261424
255400
255401
283843
262802
262804
262805
262806
262807
262808
262809
262810
262811
262812
281942
262813
262814
281681
281349
261425
262815
262818
262819
262820
262833
262831
262821
262827
262822
262823
262830
262824
262832
262825
262828
262829
262826
265600
200530
200531
200532
200533
200534
200535
200536
200537
200538
200539
200540
200541
200542
200543
200544
200545
200546
200547
200548
200549
200550
200551
200552
200553
200554
200555
200556
200557
200558
200559
200560
200561
200562
200563
200564
200565
200566
200567
200568
200569
200570
200571
200572
200573
200574
200575
200576
200577
200578
200579
200580
200581
200582
200583
200584
200585
200586
200587
200588
200589
200590
203160
203161
203162
203163
203164
203165
203166
203167
203168
203169
203170
203171
203172
203173
203174
203175
203176
203177
203178
203179
203180
203181
203182
203183
203184
203185
203186
203187
203188
203189
203190
203191
203192
203193
203194
203195
203196
203197
203198
203199
203200
203201
203202
203203
203204
203205
203206
203207
203208
203209
203210
203211
203212
203213
203214
203215
203216
203217
203218
203219
203220
203221
203222
203223
203224
203225
203226
203227
203228
203229
200689
200690
200691
200692
200693
200694
200695
200696
200697
200698
200699
200700
200701
200702
200703
200704
200705
200706
200707
200708
200709
200710
200711
200712
200713
200714
200715
200716
200717
200718
200719
200720
200721
200722
200723
200724
200725
200726
200727
200728
200729
200730
200731
200591
200592
200593
200594
200595
200596
200597
200598
200599
200600
200601
200602
200603
203374
200605
200606
200607
200608
200609
200610
200611
200612
200613
200614
200615
200616
200617
200618
200619
202768
202769
202770
202771
202772
202773
202774
202775
202776
202777
202778
202779
202780
202781
202783
202786
202787
202788
202789
202790
202792
202793
202795
202796
202797
202799
202800
202801
268699
268701
268702
268670
268673
268690
268657
268656
268669
268663
268666
268668
268672
268677
268689
268694
268665
268659
268674
268678
268660
268661
268676
268684
268691
268693
268671
268692
268667
294631
294640
294625
294634
294648
294635
294624
294643
294632
294636
294627
294630
294645
294629
294639
294644
294646
294642
294633
294623
287920
307471
285585
327161
327151
327152
327153
327154
327155
327156
327157
327158
327159
327160
327162
327163
327164
327165
327166
327167
327168
327169
327170
327171
327172
327173
327174
327175
327176
327177
327178
327179
327180
327181
327182
327184
327185
327186
327187
327188
327189
327190
327191
327192
327193
203104
203131
203086
203089
20861
20862
20867
20905
20870
18369
20871
32816
18370
20896
20873
8848
20876
71597
18378
112418
72235
20878
20881
20882
72053
71661
20883
18381
71425
20888
32819
20889
72058
72059
20891
32820
20892
71555
71706
72062
72063
34236
72065
72246
71557
71553
34237
72503
72069
72070
34238
72071
34239
71636
71596
20894
72075
72076
72078
72079
34275
34242
34243
71563
72088
72092
71627
72296
72095
72096
71562
72099
72507
72103
121833
71583
34246
72107
71558
220109
71712
220111
34247
71534
72508
109946
72334
72112
121291
72114
72115
72116
71505
72514
71466
71716
72516
72518
34254
72519
72362
72520
72125
71471
72521
72371
72372
72374
34255
34256
72130
72131
108146
109955
121879
72525
220166
71720
121116
72529
72530
121303
72531
34257
71459
34258
72416
71723
120990
124568
71465
71468
72143
220205
72534
72426
72436
72145
71475
72535
72148
34260
72150
71479
72537
123924
120750
72539
121313
72540
121298
34263
121282
112422
72544
71473
72460
124189
120978
120752
120900
72546
72470
72547
71727
121295
220477
72548
72549
120343
121132
220500
121309
220513
72550
121300
121324
124647
34272
71731
121307
120345
72552
120918
71491
124823
121481
72554
34274
122043
124999
72555
71523
220770
220774
220781
220787
220788
220803
220821
71524
220837
123236
220862
120822
121067
71529
71497
122983
71499
221213
221227
121079
124561
124560
124559
221355
125091
121151
123492
71500
120471
121550
112429
221566
120493
110107
221601
71494
121741
221639
120743
121488
122932
121128
120587
221836
71508
221980
120352
120353
121489
121061
120842
112436
88638
121208
124701
112438
121195
222189
270440
121268
222247
120426
222257
222310
120928
121492
121493
120835
121417
222449
121090
222521
112444
121365
120553
121495
124932
122155
120356
120357
120991
121486
112448
121203
120445
120814
222803
121106
121238
124933
121081
121499
94075
121501
121502
125015
223262
223282
223314
121127
121462
121503
121464
121465
223424
223552
124869
125071
223644
223647
121038
223729
121118
120594
110316
223826
121468
223887
125017
122578
121080
110325
223945
223946
223947
223948
223955
112466
224075
120806
327907
121212
121259
224131
224173
121043
270459
121563
121047
121480
120796
120003
119994
120824
120194
122439
120276
122434
119986
121293
120258
120324
120198
120200
225298
121382
225372
120458
112494
122001
120266
120307
120318
120179
121988
226104
120091
124528
122107
226926
110535
122355
122206
121974
121973
227124
120065
110545
227233
122350
122348
122343
122918
110546
270484
227376
122074
227606
227698
122334
122956
227953
227954
227956
227957
228048
123426
122955
122323
122410
122052
327916
228597
122644
228667
229339
229341
229344
229352
229389
229395
229397
229399
120076
124414
230194
123385
123377
123364
124500
123725
270526
123810
124148
124147
123806
113028
124039
124352
232657
232664
113415
233021
123768
113689
113760
113926
114255
270600
115048
115051
115058
115207
270619
270620
270621
115376
115377
115633
270667
116210
116563
116564
116611
116746
117019
117533
290457
270944
290460
270999
269898
269903
269904
269905
122963
270061
270071
270133
794
811
851
51244
156
713
2004
614
159
2056
7148
1734
472
2060
186
48834
441
2051
269
309
848
796
829
530
451
4535
2069
513
218
1752
2059
272
392
544
447
780
342
1766
452
856
51234
744
419
2072
440
488
684
844
716
406
1773
188
2038
410
467
48881
720
324
497
191
686
305
4729
277
777
1788
845
32039
192
723
184
2025
190
48977
578
32136
766
196
4754
48841
566
3088
729
32107
32031
4761
32120
801
31995
4764
32030
18305
418
32059
804
4766
771
32001
32086
32090
7445
4768
49843
32140
302
32143
32071
49817
7446
32053
32133
32111
32098
18309
49763
32040
48914
49956
142481
7452
32078
49977
32052
32029
4778
32055
48868
32051
32006
32139
32127
32113
32129
32135
49965
31998
49764
32138
32142
49106
31990
31993
49775
32119
32042
49862
32062
32103
32108
49772
18321
48909
49760
49798
49192
48913
49777
32036
49733
49826
86725
49800
49940
49855
49808
49866
49932
49220
32163
49840
49766
49194
49825
49871
49884
109825
49883
47913
49946
49922
51173
49202
49206
49197
109775
142870
109666
86728
141172
141309
109665
142492
109662
109663
193679
91136
109667
109664
91151
91144
93953
94053
200324
200604
196614
196535
202782
202784
202791
202785
202798
202794
1847
84
98
53
143
1856
63
25
66
87
70
141
139
1868
86
41
1875
1876
72
1878
52
100
97
1883
61
65
43
85
1887
58
1893
1894
46
1898
1901
1906
1911
1913
138881
138890
138895
139272
139283
139285
89506
139291
20825
107966
86757
139298
20913
139301
139302
139303
139306
139311
20912
20911
139321
89505
86760
20826
20813
139337
139345
139369
139371
20822
139387
20823
27540
139401
139419
139435
89504
27542
139443
139452
20820
139461
34182
18327
20821
20901
139505
139510
139516
139518
139564
139604
139605
139634
139648
139650
139686
139700
139708
139713
139723
34189
139770
139772
139774
86767
34191
34192
139834
139841
139842
34193
139859
139867
139879
34195
139910
139920
139928
139931
139932
139937
139948
139952
139953
139955
139962
139970
139974
140026
140189
86731
126961
127013
127753
127545
127229
127151
127087
127384
138327
127312
127314
126888
128212
127797
127551
137759
137672
134345
127914
138364
128026
137807
128213
128198
34045
127490
49646
126924
34073
34056
127290
33936
33971
34008
127212
127010
34060
33982
34063
33973
127302
127328
34064
33953
34002
33967
127011
33968
33948
138385
127330
33998
34069
33992
33994
33981
33940
127851
127182
34015
127269
33987
127434
126952
127412
33959
127487
127263
127307
127433
126951
127445
127382
127144
127369
127130
127077
108044
69650
69658
20843
69676
69699
69710
69723
69622
108053
69752
69756
18284
69771
18283
20919
20920
87932
69776
69781
20918
69784
20928
69786
88994
20921
20840
34212
51368
69801
69802
51267
51501
20908
69816
69820
69823
88999
69839
51392
51318
51511
69853
69854
69857
34215
69860
51415
69869
69870
69871
69873
51321
69877
69879
69880
51254
51271
69883
69895
69897
87953
34217
69901
51294
69905
51489
51393
51342
69922
51328
69924
34218
51512
69927
69929
51339
51322
69931
89012
69933
51307
69936
51266
69939
51441
69946
69947
89017
51426
51251
69951
51337
51374
69958
69959
69960
69961
87931
89019
51516
89022
87955
69980
69983
51278
51287
51429
69993
87930
89032
89033
89037
89038
89039
89047
89051
89058
89060
89061
193437
197836
91165
193431
193432
34168
34154
165180
166185
166753
34165
34178
91177
164945
164988
164806
34170
165393
109915
165022
166136
166331
166053
166935
166333
164937
165280
167926
165912
166150
166958
166959
310141
163683
165757
170937
168763
168765
170934
168766
166241
174195
167888
176056
171615
165981
167205
178238
178241
311221
178246
165147
165580
164989
165447
165095
165152
165054
165214
165087
165078
165199
165075
165322
166796
166829
167590
167587
170554
167588
166142
166139
165500
165025
164894
91173
164802
164961
164817
34145
34148
164949
34174
165837
165462
165418
165950
165092
165037
165064
163668
165745
164975
165396
164902
165178
164897
164877
164909
165115
165468
165336
165004
166038
165130
165575
34147
164873
71667
164803
164914
165904
164972
164804
80924
165787
34169
165260
165205
164864
164788
164822
165077
165577
165048
166750
33082
27426
71860
72000
71828
71867
71989
71839
71840
27467
71827
71878
71944
33073
33076
71836
71876
71896
71862
71956
72018
71871
71949
71830
71984
71986
71991
72006
212825
120006
119592
119649
119730
119630
213647
119593
119631
119569
119556
119512
109773
109769
119084
87961
119698
119666
212715
119555
214359
119549
119620
119597
119596
119639
119626
119640
119674
119641
119668
119724
119669
119623
178252
119160
119118
119132
119264
119261
119260
119112
324440
308472
165624
332941
285030
325371
298573
165485
265813
287297
287300
287317
287321
287324
287329
287331
287332
287333
287335
310055
165778
165996
283539
283542
264319
215914
300804
212754
137805
137806
118765
193047
193048
193050
193052
193049
193051
193053
193054
193055
196760
213061
213237
213238
212667
213540
213246
212669
213751
212928
212814
213539
34241
212815
212725
829
212728
212726
212729
839
212733
212731
212925
859
71717
212875
212735
212734
71719
71496
184
212818
212743
212819
212737
3076
214815
212742
212820
212739
883
214826
212927
71482
212740
71484
882
214852
214553
71734
71736
214554
214782
214783
270943
270995
213101
213084
213692
72507
213501
213697
213184
212746
212710
212749
212751
212752
212753
72531
212755
213695
212763
212707
212766
212768
214759
212771
4773
212775
212776
212777
212778
214761
212779
212780
212713
34116
212784
212709
212788
34123
212793
214775
34132
34138
102764
214334
214829
20809
212692
20829
20828
213715
213716
214337
212939
214804
212944
212946
214809
34052
34019
33980
33996
34014
33993
33941
34001
213115
213087
213188
8853
213129
213732
213489
213538
213736
34213
213523
34216
213524
212900
213738
69621
212798
214062
212858
212859
212860
212952
212861
212902
212903
214349
214736
214812
214785
214836
214848
212834
213702
212830
214363
213148
212836
213150
213478
213703
214069
214372
214376
214367
87958
119483
119562
